   0.0000000e+00   4.0000000e+00
   1.0000000e+00   5.0000000e+00
   2.0000000e+00   5.0000000e+00
   3.0000000e+00   7.0000000e+00
   4.0000000e+00   9.0000000e+00
   5.0000000e+00   1.0000000e+01
   6.0000000e+00   4.0000000e+00
   7.0000000e+00   1.3000000e+01
   8.0000000e+00   9.0000000e+00
   9.0000000e+00   2.0000000e+01
   1.0000000e+01   1.8000000e+01
   1.1000000e+01   3.0000000e+01
   1.2000000e+01   2.9000000e+01
   1.3000000e+01   3.6000000e+01
   1.4000000e+01   5.7000000e+01
   1.5000000e+01   4.8000000e+01
   1.6000000e+01   5.8000000e+01
   1.7000000e+01   1.2400000e+02
   1.8000000e+01   1.5000000e+02
   1.9000000e+01   2.0100000e+02
   2.0000000e+01   3.2000000e+02
   2.1000000e+01   4.3800000e+02
   2.2000000e+01   5.1000000e+02
   2.3000000e+01   6.9800000e+02
   2.4000000e+01   6.8900000e+02
   2.5000000e+01   8.5600000e+02
   2.6000000e+01   1.1040000e+03
   2.7000000e+01   1.1890000e+03
   2.8000000e+01   1.1900000e+03
   2.9000000e+01   1.1430000e+03
   3.0000000e+01   2.0580000e+03
   3.1000000e+01   1.9430000e+03
   3.2000000e+01   2.3190000e+03
   3.3000000e+01   1.9160000e+03
   3.4000000e+01   1.4430000e+03
   3.5000000e+01   1.4240000e+03
   3.6000000e+01   1.4500000e+03
   3.7000000e+01   1.4810000e+03
   3.8000000e+01   6.7200000e+02
   3.9000000e+01   5.5700000e+02
   4.0000000e+01   4.6700000e+02
   4.1000000e+01   3.8500000e+02
   4.2000000e+01   3.7900000e+02
   4.3000000e+01   4.5700000e+02
   4.4000000e+01   3.0500000e+02
   4.5000000e+01   3.3700000e+02
   4.6000000e+01   2.2100000e+02
   4.7000000e+01   2.3400000e+02
   4.8000000e+01   1.1500000e+02
   4.9000000e+01   1.3200000e+02
   5.0000000e+01   1.8500000e+02
   5.1000000e+01   2.4000000e+02
   5.2000000e+01   1.3000000e+02
   5.3000000e+01   1.0400000e+02
   5.4000000e+01   1.0000000e+02
   5.5000000e+01   3.6000000e+01
   5.6000000e+01   3.8000000e+01
   5.7000000e+01   2.6000000e+01
   5.8000000e+01   3.4000000e+01
   5.9000000e+01   3.6000000e+01
   6.0000000e+01   5.0000000e+01
   6.1000000e+01   4.3000000e+01
   6.2000000e+01   1.9000000e+01
